17 21 25 29 32 7 
0 10 33 5 31 6 
24 28 8 22 23 4 
15 27 34 1 26 16 
18 20 13 14 2 35 
3 30 9 12 19 11 

17 21 25 29 32 7 
10 0 33 5 31 6 
24 28 8 22 23 4 
15 27 34 1 26 16 
18 20 13 14 2 35 
3 30 9 12 19 11 

17 21 25 29 32 7 
10 33 0 5 31 6 
24 28 8 22 23 4 
15 27 34 1 26 16 
18 20 13 14 2 35 
3 30 9 12 19 11 

17 21 0 29 32 7 
10 33 25 5 31 6 
24 28 8 22 23 4 
15 27 34 1 26 16 
18 20 13 14 2 35 
3 30 9 12 19 11 

17 21 29 0 32 7 
10 33 25 5 31 6 
24 28 8 22 23 4 
15 27 34 1 26 16 
18 20 13 14 2 35 
3 30 9 12 19 11 

17 21 29 5 32 7 
10 33 25 0 31 6 
24 28 8 22 23 4 
15 27 34 1 26 16 
18 20 13 14 2 35 
3 30 9 12 19 11 

17 21 29 5 32 7 
10 33 25 31 0 6 
24 28 8 22 23 4 
15 27 34 1 26 16 
18 20 13 14 2 35 
3 30 9 12 19 11 

17 21 29 5 0 7 
10 33 25 31 32 6 
24 28 8 22 23 4 
15 27 34 1 26 16 
18 20 13 14 2 35 
3 30 9 12 19 11 

17 21 29 5 7 0 
10 33 25 31 32 6 
24 28 8 22 23 4 
15 27 34 1 26 16 
18 20 13 14 2 35 
3 30 9 12 19 11 

17 21 29 5 7 6 
10 33 25 31 32 0 
24 28 8 22 23 4 
15 27 34 1 26 16 
18 20 13 14 2 35 
3 30 9 12 19 11 

17 21 29 5 7 6 
10 33 25 31 32 4 
24 28 8 22 23 0 
15 27 34 1 26 16 
18 20 13 14 2 35 
3 30 9 12 19 11 

17 21 29 5 7 6 
10 33 25 31 32 4 
24 28 8 22 0 23 
15 27 34 1 26 16 
18 20 13 14 2 35 
3 30 9 12 19 11 

17 21 29 5 7 6 
10 33 25 31 32 4 
24 28 8 0 22 23 
15 27 34 1 26 16 
18 20 13 14 2 35 
3 30 9 12 19 11 

17 21 29 5 7 6 
10 33 25 31 32 4 
24 28 8 1 22 23 
15 27 34 0 26 16 
18 20 13 14 2 35 
3 30 9 12 19 11 

17 21 29 5 7 6 
10 33 25 31 32 4 
24 28 8 1 22 23 
15 27 0 34 26 16 
18 20 13 14 2 35 
3 30 9 12 19 11 

17 21 29 5 7 6 
10 33 25 31 32 4 
24 28 8 1 22 23 
15 27 13 34 26 16 
18 20 0 14 2 35 
3 30 9 12 19 11 

17 21 29 5 7 6 
10 33 25 31 32 4 
24 28 8 1 22 23 
15 27 13 34 26 16 
18 20 14 0 2 35 
3 30 9 12 19 11 

17 21 29 5 7 6 
10 33 25 31 32 4 
24 28 8 1 22 23 
15 27 13 34 26 16 
18 20 14 2 0 35 
3 30 9 12 19 11 

17 21 29 5 7 6 
10 33 25 31 32 4 
24 28 8 1 22 23 
15 27 13 34 26 16 
18 20 14 2 19 35 
3 30 9 12 0 11 

17 21 29 5 7 6 
10 33 25 31 32 4 
24 28 8 1 22 23 
15 27 13 34 26 16 
18 20 14 2 19 35 
3 30 9 0 12 11 

17 21 29 5 7 6 
10 33 25 31 32 4 
24 28 8 1 22 23 
15 27 13 34 26 16 
18 20 14 2 19 35 
3 30 0 9 12 11 

17 21 29 5 7 6 
10 33 25 31 32 4 
24 28 8 1 22 23 
15 27 13 34 26 16 
18 20 14 2 19 35 
3 0 30 9 12 11 

17 21 29 5 7 6 
10 33 25 31 32 4 
24 28 8 1 22 23 
15 27 13 34 26 16 
18 20 14 2 19 35 
0 3 30 9 12 11 

17 21 29 5 7 6 
10 33 25 31 32 4 
24 28 8 1 22 23 
15 27 13 34 26 16 
0 20 14 2 19 35 
18 3 30 9 12 11 

17 21 29 5 7 6 
10 33 25 31 32 4 
24 28 8 1 22 23 
15 27 13 34 26 16 
20 0 14 2 19 35 
18 3 30 9 12 11 

17 21 29 5 7 6 
10 33 25 31 32 4 
24 28 8 1 22 23 
15 27 13 34 26 16 
20 3 14 2 19 35 
18 0 30 9 12 11 

17 21 29 5 7 6 
10 33 25 31 32 4 
24 28 8 1 22 23 
15 27 13 34 26 16 
20 3 14 2 19 35 
18 30 0 9 12 11 

17 21 29 5 7 6 
10 33 25 31 32 4 
24 28 8 1 22 23 
15 27 13 34 26 16 
20 3 0 2 19 35 
18 30 14 9 12 11 

17 21 29 5 7 6 
10 33 25 31 32 4 
24 28 8 1 22 23 
15 27 13 34 26 16 
20 3 2 0 19 35 
18 30 14 9 12 11 

17 21 29 5 7 6 
10 33 25 31 32 4 
24 28 8 1 22 23 
15 27 13 34 26 16 
20 3 2 19 0 35 
18 30 14 9 12 11 

17 21 29 5 7 6 
10 33 25 31 32 4 
24 28 8 1 22 23 
15 27 13 34 0 16 
20 3 2 19 26 35 
18 30 14 9 12 11 

17 21 29 5 7 6 
10 33 25 31 32 4 
24 28 8 1 0 23 
15 27 13 34 22 16 
20 3 2 19 26 35 
18 30 14 9 12 11 

17 21 29 5 7 6 
10 33 25 31 0 4 
24 28 8 1 32 23 
15 27 13 34 22 16 
20 3 2 19 26 35 
18 30 14 9 12 11 

17 21 29 5 0 6 
10 33 25 31 7 4 
24 28 8 1 32 23 
15 27 13 34 22 16 
20 3 2 19 26 35 
18 30 14 9 12 11 

17 21 29 0 5 6 
10 33 25 31 7 4 
24 28 8 1 32 23 
15 27 13 34 22 16 
20 3 2 19 26 35 
18 30 14 9 12 11 

17 21 0 29 5 6 
10 33 25 31 7 4 
24 28 8 1 32 23 
15 27 13 34 22 16 
20 3 2 19 26 35 
18 30 14 9 12 11 

17 0 21 29 5 6 
10 33 25 31 7 4 
24 28 8 1 32 23 
15 27 13 34 22 16 
20 3 2 19 26 35 
18 30 14 9 12 11 

17 33 21 29 5 6 
10 0 25 31 7 4 
24 28 8 1 32 23 
15 27 13 34 22 16 
20 3 2 19 26 35 
18 30 14 9 12 11 

17 33 21 29 5 6 
10 25 0 31 7 4 
24 28 8 1 32 23 
15 27 13 34 22 16 
20 3 2 19 26 35 
18 30 14 9 12 11 

17 33 21 29 5 6 
10 25 31 0 7 4 
24 28 8 1 32 23 
15 27 13 34 22 16 
20 3 2 19 26 35 
18 30 14 9 12 11 

17 33 21 29 5 6 
10 25 31 1 7 4 
24 28 8 0 32 23 
15 27 13 34 22 16 
20 3 2 19 26 35 
18 30 14 9 12 11 

17 33 21 29 5 6 
10 25 31 1 7 4 
24 28 0 8 32 23 
15 27 13 34 22 16 
20 3 2 19 26 35 
18 30 14 9 12 11 

17 33 21 29 5 6 
10 25 0 1 7 4 
24 28 31 8 32 23 
15 27 13 34 22 16 
20 3 2 19 26 35 
18 30 14 9 12 11 

17 33 21 29 5 6 
10 25 1 0 7 4 
24 28 31 8 32 23 
15 27 13 34 22 16 
20 3 2 19 26 35 
18 30 14 9 12 11 

17 33 21 29 5 6 
10 25 1 7 0 4 
24 28 31 8 32 23 
15 27 13 34 22 16 
20 3 2 19 26 35 
18 30 14 9 12 11 

17 33 21 29 5 6 
10 25 1 7 4 0 
24 28 31 8 32 23 
15 27 13 34 22 16 
20 3 2 19 26 35 
18 30 14 9 12 11 

17 33 21 29 5 6 
10 25 1 7 4 23 
24 28 31 8 32 0 
15 27 13 34 22 16 
20 3 2 19 26 35 
18 30 14 9 12 11 

17 33 21 29 5 6 
10 25 1 7 4 23 
24 28 31 8 0 32 
15 27 13 34 22 16 
20 3 2 19 26 35 
18 30 14 9 12 11 

17 33 21 29 5 6 
10 25 1 7 4 23 
24 28 31 8 22 32 
15 27 13 34 0 16 
20 3 2 19 26 35 
18 30 14 9 12 11 

17 33 21 29 5 6 
10 25 1 7 4 23 
24 28 31 8 22 32 
15 27 13 0 34 16 
20 3 2 19 26 35 
18 30 14 9 12 11 

17 33 21 29 5 6 
10 25 1 7 4 23 
24 28 31 8 22 32 
15 27 13 19 34 16 
20 3 2 0 26 35 
18 30 14 9 12 11 

17 33 21 29 5 6 
10 25 1 7 4 23 
24 28 31 8 22 32 
15 27 13 19 34 16 
20 3 0 2 26 35 
18 30 14 9 12 11 

17 33 21 29 5 6 
10 25 1 7 4 23 
24 28 31 8 22 32 
15 27 13 19 34 16 
20 0 3 2 26 35 
18 30 14 9 12 11 

17 33 21 29 5 6 
10 25 1 7 4 23 
24 28 31 8 22 32 
15 0 13 19 34 16 
20 27 3 2 26 35 
18 30 14 9 12 11 

17 33 21 29 5 6 
10 25 1 7 4 23 
24 28 31 8 22 32 
15 13 0 19 34 16 
20 27 3 2 26 35 
18 30 14 9 12 11 

17 33 21 29 5 6 
10 25 1 7 4 23 
24 28 0 8 22 32 
15 13 31 19 34 16 
20 27 3 2 26 35 
18 30 14 9 12 11 

17 33 21 29 5 6 
10 25 1 7 4 23 
24 0 28 8 22 32 
15 13 31 19 34 16 
20 27 3 2 26 35 
18 30 14 9 12 11 

17 33 21 29 5 6 
10 0 1 7 4 23 
24 25 28 8 22 32 
15 13 31 19 34 16 
20 27 3 2 26 35 
18 30 14 9 12 11 

17 33 21 29 5 6 
10 1 0 7 4 23 
24 25 28 8 22 32 
15 13 31 19 34 16 
20 27 3 2 26 35 
18 30 14 9 12 11 

17 33 21 29 5 6 
10 1 7 0 4 23 
24 25 28 8 22 32 
15 13 31 19 34 16 
20 27 3 2 26 35 
18 30 14 9 12 11 

17 33 21 0 5 6 
10 1 7 29 4 23 
24 25 28 8 22 32 
15 13 31 19 34 16 
20 27 3 2 26 35 
18 30 14 9 12 11 

17 33 0 21 5 6 
10 1 7 29 4 23 
24 25 28 8 22 32 
15 13 31 19 34 16 
20 27 3 2 26 35 
18 30 14 9 12 11 

17 0 33 21 5 6 
10 1 7 29 4 23 
24 25 28 8 22 32 
15 13 31 19 34 16 
20 27 3 2 26 35 
18 30 14 9 12 11 

17 1 33 21 5 6 
10 0 7 29 4 23 
24 25 28 8 22 32 
15 13 31 19 34 16 
20 27 3 2 26 35 
18 30 14 9 12 11 

17 1 33 21 5 6 
0 10 7 29 4 23 
24 25 28 8 22 32 
15 13 31 19 34 16 
20 27 3 2 26 35 
18 30 14 9 12 11 

0 1 33 21 5 6 
17 10 7 29 4 23 
24 25 28 8 22 32 
15 13 31 19 34 16 
20 27 3 2 26 35 
18 30 14 9 12 11 

1 0 33 21 5 6 
17 10 7 29 4 23 
24 25 28 8 22 32 
15 13 31 19 34 16 
20 27 3 2 26 35 
18 30 14 9 12 11 

1 10 33 21 5 6 
17 0 7 29 4 23 
24 25 28 8 22 32 
15 13 31 19 34 16 
20 27 3 2 26 35 
18 30 14 9 12 11 

1 10 33 21 5 6 
0 17 7 29 4 23 
24 25 28 8 22 32 
15 13 31 19 34 16 
20 27 3 2 26 35 
18 30 14 9 12 11 

1 10 33 21 5 6 
24 17 7 29 4 23 
0 25 28 8 22 32 
15 13 31 19 34 16 
20 27 3 2 26 35 
18 30 14 9 12 11 

1 10 33 21 5 6 
24 17 7 29 4 23 
25 0 28 8 22 32 
15 13 31 19 34 16 
20 27 3 2 26 35 
18 30 14 9 12 11 

1 10 33 21 5 6 
24 17 7 29 4 23 
25 13 28 8 22 32 
15 0 31 19 34 16 
20 27 3 2 26 35 
18 30 14 9 12 11 

1 10 33 21 5 6 
24 17 7 29 4 23 
25 13 28 8 22 32 
15 31 0 19 34 16 
20 27 3 2 26 35 
18 30 14 9 12 11 

1 10 33 21 5 6 
24 17 7 29 4 23 
25 13 28 8 22 32 
15 31 3 19 34 16 
20 27 0 2 26 35 
18 30 14 9 12 11 

1 10 33 21 5 6 
24 17 7 29 4 23 
25 13 28 8 22 32 
15 31 3 19 34 16 
20 0 27 2 26 35 
18 30 14 9 12 11 

1 10 33 21 5 6 
24 17 7 29 4 23 
25 13 28 8 22 32 
15 0 3 19 34 16 
20 31 27 2 26 35 
18 30 14 9 12 11 

1 10 33 21 5 6 
24 17 7 29 4 23 
25 13 28 8 22 32 
0 15 3 19 34 16 
20 31 27 2 26 35 
18 30 14 9 12 11 

1 10 33 21 5 6 
24 17 7 29 4 23 
0 13 28 8 22 32 
25 15 3 19 34 16 
20 31 27 2 26 35 
18 30 14 9 12 11 

1 10 33 21 5 6 
24 17 7 29 4 23 
13 0 28 8 22 32 
25 15 3 19 34 16 
20 31 27 2 26 35 
18 30 14 9 12 11 

1 10 33 21 5 6 
24 17 7 29 4 23 
13 28 0 8 22 32 
25 15 3 19 34 16 
20 31 27 2 26 35 
18 30 14 9 12 11 

1 10 33 21 5 6 
24 17 7 29 4 23 
13 28 3 8 22 32 
25 15 0 19 34 16 
20 31 27 2 26 35 
18 30 14 9 12 11 

1 10 33 21 5 6 
24 17 7 29 4 23 
13 28 3 8 22 32 
25 15 19 0 34 16 
20 31 27 2 26 35 
18 30 14 9 12 11 

1 10 33 21 5 6 
24 17 7 29 4 23 
13 28 3 8 22 32 
25 15 19 2 34 16 
20 31 27 0 26 35 
18 30 14 9 12 11 

1 10 33 21 5 6 
24 17 7 29 4 23 
13 28 3 8 22 32 
25 15 19 2 34 16 
20 31 0 27 26 35 
18 30 14 9 12 11 

1 10 33 21 5 6 
24 17 7 29 4 23 
13 28 3 8 22 32 
25 15 19 2 34 16 
20 31 14 27 26 35 
18 30 0 9 12 11 

1 10 33 21 5 6 
24 17 7 29 4 23 
13 28 3 8 22 32 
25 15 19 2 34 16 
20 31 14 27 26 35 
18 0 30 9 12 11 

1 10 33 21 5 6 
24 17 7 29 4 23 
13 28 3 8 22 32 
25 15 19 2 34 16 
20 0 14 27 26 35 
18 31 30 9 12 11 

1 10 33 21 5 6 
24 17 7 29 4 23 
13 28 3 8 22 32 
25 0 19 2 34 16 
20 15 14 27 26 35 
18 31 30 9 12 11 

1 10 33 21 5 6 
24 17 7 29 4 23 
13 28 3 8 22 32 
25 19 0 2 34 16 
20 15 14 27 26 35 
18 31 30 9 12 11 

1 10 33 21 5 6 
24 17 7 29 4 23 
13 28 3 8 22 32 
25 19 2 0 34 16 
20 15 14 27 26 35 
18 31 30 9 12 11 

1 10 33 21 5 6 
24 17 7 29 4 23 
13 28 3 0 22 32 
25 19 2 8 34 16 
20 15 14 27 26 35 
18 31 30 9 12 11 

1 10 33 21 5 6 
24 17 7 0 4 23 
13 28 3 29 22 32 
25 19 2 8 34 16 
20 15 14 27 26 35 
18 31 30 9 12 11 

1 10 33 21 5 6 
24 17 0 7 4 23 
13 28 3 29 22 32 
25 19 2 8 34 16 
20 15 14 27 26 35 
18 31 30 9 12 11 

1 10 33 21 5 6 
24 17 3 7 4 23 
13 28 0 29 22 32 
25 19 2 8 34 16 
20 15 14 27 26 35 
18 31 30 9 12 11 

1 10 33 21 5 6 
24 17 3 7 4 23 
13 28 2 29 22 32 
25 19 0 8 34 16 
20 15 14 27 26 35 
18 31 30 9 12 11 

1 10 33 21 5 6 
24 17 3 7 4 23 
13 28 2 29 22 32 
25 19 14 8 34 16 
20 15 0 27 26 35 
18 31 30 9 12 11 

1 10 33 21 5 6 
24 17 3 7 4 23 
13 28 2 29 22 32 
25 19 14 8 34 16 
20 0 15 27 26 35 
18 31 30 9 12 11 

1 10 33 21 5 6 
24 17 3 7 4 23 
13 28 2 29 22 32 
25 19 14 8 34 16 
0 20 15 27 26 35 
18 31 30 9 12 11 

1 10 33 21 5 6 
24 17 3 7 4 23 
13 28 2 29 22 32 
0 19 14 8 34 16 
25 20 15 27 26 35 
18 31 30 9 12 11 

1 10 33 21 5 6 
24 17 3 7 4 23 
13 28 2 29 22 32 
19 0 14 8 34 16 
25 20 15 27 26 35 
18 31 30 9 12 11 

1 10 33 21 5 6 
24 17 3 7 4 23 
13 0 2 29 22 32 
19 28 14 8 34 16 
25 20 15 27 26 35 
18 31 30 9 12 11 

1 10 33 21 5 6 
24 0 3 7 4 23 
13 17 2 29 22 32 
19 28 14 8 34 16 
25 20 15 27 26 35 
18 31 30 9 12 11 

1 0 33 21 5 6 
24 10 3 7 4 23 
13 17 2 29 22 32 
19 28 14 8 34 16 
25 20 15 27 26 35 
18 31 30 9 12 11 

1 33 0 21 5 6 
24 10 3 7 4 23 
13 17 2 29 22 32 
19 28 14 8 34 16 
25 20 15 27 26 35 
18 31 30 9 12 11 

1 33 3 21 5 6 
24 10 0 7 4 23 
13 17 2 29 22 32 
19 28 14 8 34 16 
25 20 15 27 26 35 
18 31 30 9 12 11 

1 33 3 21 5 6 
24 10 2 7 4 23 
13 17 0 29 22 32 
19 28 14 8 34 16 
25 20 15 27 26 35 
18 31 30 9 12 11 

1 33 3 21 5 6 
24 10 2 7 4 23 
13 0 17 29 22 32 
19 28 14 8 34 16 
25 20 15 27 26 35 
18 31 30 9 12 11 

1 33 3 21 5 6 
24 0 2 7 4 23 
13 10 17 29 22 32 
19 28 14 8 34 16 
25 20 15 27 26 35 
18 31 30 9 12 11 

1 33 3 21 5 6 
24 2 0 7 4 23 
13 10 17 29 22 32 
19 28 14 8 34 16 
25 20 15 27 26 35 
18 31 30 9 12 11 

1 33 3 21 5 6 
24 2 7 0 4 23 
13 10 17 29 22 32 
19 28 14 8 34 16 
25 20 15 27 26 35 
18 31 30 9 12 11 

1 33 3 0 5 6 
24 2 7 21 4 23 
13 10 17 29 22 32 
19 28 14 8 34 16 
25 20 15 27 26 35 
18 31 30 9 12 11 

1 33 0 3 5 6 
24 2 7 21 4 23 
13 10 17 29 22 32 
19 28 14 8 34 16 
25 20 15 27 26 35 
18 31 30 9 12 11 

1 0 33 3 5 6 
24 2 7 21 4 23 
13 10 17 29 22 32 
19 28 14 8 34 16 
25 20 15 27 26 35 
18 31 30 9 12 11 

1 2 33 3 5 6 
24 0 7 21 4 23 
13 10 17 29 22 32 
19 28 14 8 34 16 
25 20 15 27 26 35 
18 31 30 9 12 11 

1 2 33 3 5 6 
24 7 0 21 4 23 
13 10 17 29 22 32 
19 28 14 8 34 16 
25 20 15 27 26 35 
18 31 30 9 12 11 

1 2 33 3 5 6 
24 7 21 0 4 23 
13 10 17 29 22 32 
19 28 14 8 34 16 
25 20 15 27 26 35 
18 31 30 9 12 11 

1 2 33 3 5 6 
24 7 21 4 0 23 
13 10 17 29 22 32 
19 28 14 8 34 16 
25 20 15 27 26 35 
18 31 30 9 12 11 

1 2 33 3 5 6 
24 7 21 4 22 23 
13 10 17 29 0 32 
19 28 14 8 34 16 
25 20 15 27 26 35 
18 31 30 9 12 11 

1 2 33 3 5 6 
24 7 21 4 22 23 
13 10 17 0 29 32 
19 28 14 8 34 16 
25 20 15 27 26 35 
18 31 30 9 12 11 

1 2 33 3 5 6 
24 7 21 4 22 23 
13 10 0 17 29 32 
19 28 14 8 34 16 
25 20 15 27 26 35 
18 31 30 9 12 11 

1 2 33 3 5 6 
24 7 0 4 22 23 
13 10 21 17 29 32 
19 28 14 8 34 16 
25 20 15 27 26 35 
18 31 30 9 12 11 

1 2 0 3 5 6 
24 7 33 4 22 23 
13 10 21 17 29 32 
19 28 14 8 34 16 
25 20 15 27 26 35 
18 31 30 9 12 11 

1 2 3 0 5 6 
24 7 33 4 22 23 
13 10 21 17 29 32 
19 28 14 8 34 16 
25 20 15 27 26 35 
18 31 30 9 12 11 

1 2 3 4 5 6 
24 7 33 0 22 23 
13 10 21 17 29 32 
19 28 14 8 34 16 
25 20 15 27 26 35 
18 31 30 9 12 11 

1 2 3 4 5 6 
24 7 33 17 22 23 
13 10 21 0 29 32 
19 28 14 8 34 16 
25 20 15 27 26 35 
18 31 30 9 12 11 

1 2 3 4 5 6 
24 7 33 17 22 23 
13 10 21 8 29 32 
19 28 14 0 34 16 
25 20 15 27 26 35 
18 31 30 9 12 11 

1 2 3 4 5 6 
24 7 33 17 22 23 
13 10 21 8 29 32 
19 28 14 27 34 16 
25 20 15 0 26 35 
18 31 30 9 12 11 

1 2 3 4 5 6 
24 7 33 17 22 23 
13 10 21 8 29 32 
19 28 14 27 34 16 
25 20 15 9 26 35 
18 31 30 0 12 11 

1 2 3 4 5 6 
24 7 33 17 22 23 
13 10 21 8 29 32 
19 28 14 27 34 16 
25 20 15 9 26 35 
18 31 0 30 12 11 

1 2 3 4 5 6 
24 7 33 17 22 23 
13 10 21 8 29 32 
19 28 14 27 34 16 
25 20 0 9 26 35 
18 31 15 30 12 11 

1 2 3 4 5 6 
24 7 33 17 22 23 
13 10 21 8 29 32 
19 28 14 27 34 16 
25 20 9 0 26 35 
18 31 15 30 12 11 

1 2 3 4 5 6 
24 7 33 17 22 23 
13 10 21 8 29 32 
19 28 14 27 34 16 
25 20 9 26 0 35 
18 31 15 30 12 11 

1 2 3 4 5 6 
24 7 33 17 22 23 
13 10 21 8 29 32 
19 28 14 27 34 16 
25 20 9 26 12 35 
18 31 15 30 0 11 

1 2 3 4 5 6 
24 7 33 17 22 23 
13 10 21 8 29 32 
19 28 14 27 34 16 
25 20 9 26 12 35 
18 31 15 30 11 0 

1 2 3 4 5 6 
24 7 33 17 22 23 
13 10 21 8 29 32 
19 28 14 27 34 16 
25 20 9 26 12 0 
18 31 15 30 11 35 

1 2 3 4 5 6 
24 7 33 17 22 23 
13 10 21 8 29 32 
19 28 14 27 34 0 
25 20 9 26 12 16 
18 31 15 30 11 35 

1 2 3 4 5 6 
24 7 33 17 22 23 
13 10 21 8 29 32 
19 28 14 27 0 34 
25 20 9 26 12 16 
18 31 15 30 11 35 

1 2 3 4 5 6 
24 7 33 17 22 23 
13 10 21 8 29 32 
19 28 14 27 12 34 
25 20 9 26 0 16 
18 31 15 30 11 35 

1 2 3 4 5 6 
24 7 33 17 22 23 
13 10 21 8 29 32 
19 28 14 27 12 34 
25 20 9 26 11 16 
18 31 15 30 0 35 

1 2 3 4 5 6 
24 7 33 17 22 23 
13 10 21 8 29 32 
19 28 14 27 12 34 
25 20 9 26 11 16 
18 31 15 30 35 0 

1 2 3 4 5 6 
24 7 33 17 22 23 
13 10 21 8 29 32 
19 28 14 27 12 34 
25 20 9 26 11 0 
18 31 15 30 35 16 

1 2 3 4 5 6 
24 7 33 17 22 23 
13 10 21 8 29 32 
19 28 14 27 12 0 
25 20 9 26 11 34 
18 31 15 30 35 16 

1 2 3 4 5 6 
24 7 33 17 22 23 
13 10 21 8 29 32 
19 28 14 27 0 12 
25 20 9 26 11 34 
18 31 15 30 35 16 

1 2 3 4 5 6 
24 7 33 17 22 23 
13 10 21 8 29 32 
19 28 14 27 11 12 
25 20 9 26 0 34 
18 31 15 30 35 16 

1 2 3 4 5 6 
24 7 33 17 22 23 
13 10 21 8 29 32 
19 28 14 27 11 12 
25 20 9 0 26 34 
18 31 15 30 35 16 

1 2 3 4 5 6 
24 7 33 17 22 23 
13 10 21 8 29 32 
19 28 14 0 11 12 
25 20 9 27 26 34 
18 31 15 30 35 16 

1 2 3 4 5 6 
24 7 33 17 22 23 
13 10 21 8 29 32 
19 28 0 14 11 12 
25 20 9 27 26 34 
18 31 15 30 35 16 

1 2 3 4 5 6 
24 7 33 17 22 23 
13 10 0 8 29 32 
19 28 21 14 11 12 
25 20 9 27 26 34 
18 31 15 30 35 16 

1 2 3 4 5 6 
24 7 33 17 22 23 
13 10 8 0 29 32 
19 28 21 14 11 12 
25 20 9 27 26 34 
18 31 15 30 35 16 

1 2 3 4 5 6 
24 7 33 0 22 23 
13 10 8 17 29 32 
19 28 21 14 11 12 
25 20 9 27 26 34 
18 31 15 30 35 16 

1 2 3 4 5 6 
24 7 0 33 22 23 
13 10 8 17 29 32 
19 28 21 14 11 12 
25 20 9 27 26 34 
18 31 15 30 35 16 

1 2 3 4 5 6 
24 7 8 33 22 23 
13 10 0 17 29 32 
19 28 21 14 11 12 
25 20 9 27 26 34 
18 31 15 30 35 16 

1 2 3 4 5 6 
24 7 8 33 22 23 
13 0 10 17 29 32 
19 28 21 14 11 12 
25 20 9 27 26 34 
18 31 15 30 35 16 

1 2 3 4 5 6 
24 7 8 33 22 23 
0 13 10 17 29 32 
19 28 21 14 11 12 
25 20 9 27 26 34 
18 31 15 30 35 16 

1 2 3 4 5 6 
0 7 8 33 22 23 
24 13 10 17 29 32 
19 28 21 14 11 12 
25 20 9 27 26 34 
18 31 15 30 35 16 

1 2 3 4 5 6 
7 0 8 33 22 23 
24 13 10 17 29 32 
19 28 21 14 11 12 
25 20 9 27 26 34 
18 31 15 30 35 16 

1 2 3 4 5 6 
7 8 0 33 22 23 
24 13 10 17 29 32 
19 28 21 14 11 12 
25 20 9 27 26 34 
18 31 15 30 35 16 

1 2 3 4 5 6 
7 8 10 33 22 23 
24 13 0 17 29 32 
19 28 21 14 11 12 
25 20 9 27 26 34 
18 31 15 30 35 16 

1 2 3 4 5 6 
7 8 10 33 22 23 
24 13 21 17 29 32 
19 28 0 14 11 12 
25 20 9 27 26 34 
18 31 15 30 35 16 

1 2 3 4 5 6 
7 8 10 33 22 23 
24 13 21 17 29 32 
19 28 9 14 11 12 
25 20 0 27 26 34 
18 31 15 30 35 16 

1 2 3 4 5 6 
7 8 10 33 22 23 
24 13 21 17 29 32 
19 28 9 14 11 12 
25 20 27 0 26 34 
18 31 15 30 35 16 

1 2 3 4 5 6 
7 8 10 33 22 23 
24 13 21 17 29 32 
19 28 9 0 11 12 
25 20 27 14 26 34 
18 31 15 30 35 16 

1 2 3 4 5 6 
7 8 10 33 22 23 
24 13 21 17 29 32 
19 28 9 11 0 12 
25 20 27 14 26 34 
18 31 15 30 35 16 

1 2 3 4 5 6 
7 8 10 33 22 23 
24 13 21 17 0 32 
19 28 9 11 29 12 
25 20 27 14 26 34 
18 31 15 30 35 16 

1 2 3 4 5 6 
7 8 10 33 22 23 
24 13 21 17 32 0 
19 28 9 11 29 12 
25 20 27 14 26 34 
18 31 15 30 35 16 

1 2 3 4 5 6 
7 8 10 33 22 23 
24 13 21 17 32 12 
19 28 9 11 29 0 
25 20 27 14 26 34 
18 31 15 30 35 16 

1 2 3 4 5 6 
7 8 10 33 22 23 
24 13 21 17 32 12 
19 28 9 11 0 29 
25 20 27 14 26 34 
18 31 15 30 35 16 

1 2 3 4 5 6 
7 8 10 33 22 23 
24 13 21 17 0 12 
19 28 9 11 32 29 
25 20 27 14 26 34 
18 31 15 30 35 16 

1 2 3 4 5 6 
7 8 10 33 0 23 
24 13 21 17 22 12 
19 28 9 11 32 29 
25 20 27 14 26 34 
18 31 15 30 35 16 

1 2 3 4 5 6 
7 8 10 33 23 0 
24 13 21 17 22 12 
19 28 9 11 32 29 
25 20 27 14 26 34 
18 31 15 30 35 16 

1 2 3 4 5 6 
7 8 10 33 23 12 
24 13 21 17 22 0 
19 28 9 11 32 29 
25 20 27 14 26 34 
18 31 15 30 35 16 

1 2 3 4 5 6 
7 8 10 33 23 12 
24 13 21 17 0 22 
19 28 9 11 32 29 
25 20 27 14 26 34 
18 31 15 30 35 16 

1 2 3 4 5 6 
7 8 10 33 23 12 
24 13 21 0 17 22 
19 28 9 11 32 29 
25 20 27 14 26 34 
18 31 15 30 35 16 

1 2 3 4 5 6 
7 8 10 33 23 12 
24 13 21 11 17 22 
19 28 9 0 32 29 
25 20 27 14 26 34 
18 31 15 30 35 16 

1 2 3 4 5 6 
7 8 10 33 23 12 
24 13 21 11 17 22 
19 28 9 32 0 29 
25 20 27 14 26 34 
18 31 15 30 35 16 

1 2 3 4 5 6 
7 8 10 33 23 12 
24 13 21 11 0 22 
19 28 9 32 17 29 
25 20 27 14 26 34 
18 31 15 30 35 16 

1 2 3 4 5 6 
7 8 10 33 23 12 
24 13 21 0 11 22 
19 28 9 32 17 29 
25 20 27 14 26 34 
18 31 15 30 35 16 

1 2 3 4 5 6 
7 8 10 0 23 12 
24 13 21 33 11 22 
19 28 9 32 17 29 
25 20 27 14 26 34 
18 31 15 30 35 16 

1 2 3 4 5 6 
7 8 10 23 0 12 
24 13 21 33 11 22 
19 28 9 32 17 29 
25 20 27 14 26 34 
18 31 15 30 35 16 

1 2 3 4 5 6 
7 8 10 23 11 12 
24 13 21 33 0 22 
19 28 9 32 17 29 
25 20 27 14 26 34 
18 31 15 30 35 16 

1 2 3 4 5 6 
7 8 10 23 11 12 
24 13 21 0 33 22 
19 28 9 32 17 29 
25 20 27 14 26 34 
18 31 15 30 35 16 

1 2 3 4 5 6 
7 8 10 23 11 12 
24 13 0 21 33 22 
19 28 9 32 17 29 
25 20 27 14 26 34 
18 31 15 30 35 16 

1 2 3 4 5 6 
7 8 10 23 11 12 
24 13 9 21 33 22 
19 28 0 32 17 29 
25 20 27 14 26 34 
18 31 15 30 35 16 

1 2 3 4 5 6 
7 8 10 23 11 12 
24 13 9 21 33 22 
19 28 32 0 17 29 
25 20 27 14 26 34 
18 31 15 30 35 16 

1 2 3 4 5 6 
7 8 10 23 11 12 
24 13 9 0 33 22 
19 28 32 21 17 29 
25 20 27 14 26 34 
18 31 15 30 35 16 

1 2 3 4 5 6 
7 8 10 0 11 12 
24 13 9 23 33 22 
19 28 32 21 17 29 
25 20 27 14 26 34 
18 31 15 30 35 16 

1 2 3 4 5 6 
7 8 0 10 11 12 
24 13 9 23 33 22 
19 28 32 21 17 29 
25 20 27 14 26 34 
18 31 15 30 35 16 

1 2 3 4 5 6 
7 8 9 10 11 12 
24 13 0 23 33 22 
19 28 32 21 17 29 
25 20 27 14 26 34 
18 31 15 30 35 16 

1 2 3 4 5 6 
7 8 9 10 11 12 
24 13 32 23 33 22 
19 28 0 21 17 29 
25 20 27 14 26 34 
18 31 15 30 35 16 

1 2 3 4 5 6 
7 8 9 10 11 12 
24 13 32 23 33 22 
19 28 27 21 17 29 
25 20 0 14 26 34 
18 31 15 30 35 16 

1 2 3 4 5 6 
7 8 9 10 11 12 
24 13 32 23 33 22 
19 28 27 21 17 29 
25 20 14 0 26 34 
18 31 15 30 35 16 

1 2 3 4 5 6 
7 8 9 10 11 12 
24 13 32 23 33 22 
19 28 27 21 17 29 
25 20 14 26 0 34 
18 31 15 30 35 16 

1 2 3 4 5 6 
7 8 9 10 11 12 
24 13 32 23 33 22 
19 28 27 21 17 29 
25 20 14 26 34 0 
18 31 15 30 35 16 

1 2 3 4 5 6 
7 8 9 10 11 12 
24 13 32 23 33 22 
19 28 27 21 17 29 
25 20 14 26 34 16 
18 31 15 30 35 0 

1 2 3 4 5 6 
7 8 9 10 11 12 
24 13 32 23 33 22 
19 28 27 21 17 29 
25 20 14 26 34 16 
18 31 15 30 0 35 

1 2 3 4 5 6 
7 8 9 10 11 12 
24 13 32 23 33 22 
19 28 27 21 17 29 
25 20 14 26 0 16 
18 31 15 30 34 35 

1 2 3 4 5 6 
7 8 9 10 11 12 
24 13 32 23 33 22 
19 28 27 21 17 29 
25 20 14 26 16 0 
18 31 15 30 34 35 

1 2 3 4 5 6 
7 8 9 10 11 12 
24 13 32 23 33 22 
19 28 27 21 17 0 
25 20 14 26 16 29 
18 31 15 30 34 35 

1 2 3 4 5 6 
7 8 9 10 11 12 
24 13 32 23 33 0 
19 28 27 21 17 22 
25 20 14 26 16 29 
18 31 15 30 34 35 

1 2 3 4 5 6 
7 8 9 10 11 12 
24 13 32 23 0 33 
19 28 27 21 17 22 
25 20 14 26 16 29 
18 31 15 30 34 35 

1 2 3 4 5 6 
7 8 9 10 11 12 
24 13 32 23 17 33 
19 28 27 21 0 22 
25 20 14 26 16 29 
18 31 15 30 34 35 

1 2 3 4 5 6 
7 8 9 10 11 12 
24 13 32 23 17 33 
19 28 27 21 16 22 
25 20 14 26 0 29 
18 31 15 30 34 35 

1 2 3 4 5 6 
7 8 9 10 11 12 
24 13 32 23 17 33 
19 28 27 21 16 22 
25 20 14 0 26 29 
18 31 15 30 34 35 

1 2 3 4 5 6 
7 8 9 10 11 12 
24 13 32 23 17 33 
19 28 27 0 16 22 
25 20 14 21 26 29 
18 31 15 30 34 35 

1 2 3 4 5 6 
7 8 9 10 11 12 
24 13 32 23 17 33 
19 28 0 27 16 22 
25 20 14 21 26 29 
18 31 15 30 34 35 

1 2 3 4 5 6 
7 8 9 10 11 12 
24 13 32 23 17 33 
19 28 14 27 16 22 
25 20 0 21 26 29 
18 31 15 30 34 35 

1 2 3 4 5 6 
7 8 9 10 11 12 
24 13 32 23 17 33 
19 28 14 27 16 22 
25 20 15 21 26 29 
18 31 0 30 34 35 

1 2 3 4 5 6 
7 8 9 10 11 12 
24 13 32 23 17 33 
19 28 14 27 16 22 
25 20 15 21 26 29 
18 0 31 30 34 35 

1 2 3 4 5 6 
7 8 9 10 11 12 
24 13 32 23 17 33 
19 28 14 27 16 22 
25 20 15 21 26 29 
0 18 31 30 34 35 

1 2 3 4 5 6 
7 8 9 10 11 12 
24 13 32 23 17 33 
19 28 14 27 16 22 
0 20 15 21 26 29 
25 18 31 30 34 35 

1 2 3 4 5 6 
7 8 9 10 11 12 
24 13 32 23 17 33 
19 28 14 27 16 22 
20 0 15 21 26 29 
25 18 31 30 34 35 

1 2 3 4 5 6 
7 8 9 10 11 12 
24 13 32 23 17 33 
19 28 14 27 16 22 
20 18 15 21 26 29 
25 0 31 30 34 35 

1 2 3 4 5 6 
7 8 9 10 11 12 
24 13 32 23 17 33 
19 28 14 27 16 22 
20 18 15 21 26 29 
25 31 0 30 34 35 

1 2 3 4 5 6 
7 8 9 10 11 12 
24 13 32 23 17 33 
19 28 14 27 16 22 
20 18 0 21 26 29 
25 31 15 30 34 35 

1 2 3 4 5 6 
7 8 9 10 11 12 
24 13 32 23 17 33 
19 28 14 27 16 22 
20 0 18 21 26 29 
25 31 15 30 34 35 

1 2 3 4 5 6 
7 8 9 10 11 12 
24 13 32 23 17 33 
19 28 14 27 16 22 
0 20 18 21 26 29 
25 31 15 30 34 35 

1 2 3 4 5 6 
7 8 9 10 11 12 
24 13 32 23 17 33 
19 28 14 27 16 22 
25 20 18 21 26 29 
0 31 15 30 34 35 

1 2 3 4 5 6 
7 8 9 10 11 12 
24 13 32 23 17 33 
19 28 14 27 16 22 
25 20 18 21 26 29 
31 0 15 30 34 35 

1 2 3 4 5 6 
7 8 9 10 11 12 
24 13 32 23 17 33 
19 28 14 27 16 22 
25 0 18 21 26 29 
31 20 15 30 34 35 

1 2 3 4 5 6 
7 8 9 10 11 12 
24 13 32 23 17 33 
19 0 14 27 16 22 
25 28 18 21 26 29 
31 20 15 30 34 35 

1 2 3 4 5 6 
7 8 9 10 11 12 
24 13 32 23 17 33 
19 14 0 27 16 22 
25 28 18 21 26 29 
31 20 15 30 34 35 

1 2 3 4 5 6 
7 8 9 10 11 12 
24 13 32 23 17 33 
19 14 18 27 16 22 
25 28 0 21 26 29 
31 20 15 30 34 35 

1 2 3 4 5 6 
7 8 9 10 11 12 
24 13 32 23 17 33 
19 14 18 27 16 22 
25 28 15 21 26 29 
31 20 0 30 34 35 

1 2 3 4 5 6 
7 8 9 10 11 12 
24 13 32 23 17 33 
19 14 18 27 16 22 
25 28 15 21 26 29 
31 20 30 0 34 35 

1 2 3 4 5 6 
7 8 9 10 11 12 
24 13 32 23 17 33 
19 14 18 27 16 22 
25 28 15 0 26 29 
31 20 30 21 34 35 

1 2 3 4 5 6 
7 8 9 10 11 12 
24 13 32 23 17 33 
19 14 18 0 16 22 
25 28 15 27 26 29 
31 20 30 21 34 35 

1 2 3 4 5 6 
7 8 9 10 11 12 
24 13 32 23 17 33 
19 14 0 18 16 22 
25 28 15 27 26 29 
31 20 30 21 34 35 

1 2 3 4 5 6 
7 8 9 10 11 12 
24 13 0 23 17 33 
19 14 32 18 16 22 
25 28 15 27 26 29 
31 20 30 21 34 35 

1 2 3 4 5 6 
7 8 9 10 11 12 
24 13 23 0 17 33 
19 14 32 18 16 22 
25 28 15 27 26 29 
31 20 30 21 34 35 

1 2 3 4 5 6 
7 8 9 10 11 12 
24 13 23 18 17 33 
19 14 32 0 16 22 
25 28 15 27 26 29 
31 20 30 21 34 35 

1 2 3 4 5 6 
7 8 9 10 11 12 
24 13 23 18 17 33 
19 14 32 16 0 22 
25 28 15 27 26 29 
31 20 30 21 34 35 

1 2 3 4 5 6 
7 8 9 10 11 12 
24 13 23 18 0 33 
19 14 32 16 17 22 
25 28 15 27 26 29 
31 20 30 21 34 35 

1 2 3 4 5 6 
7 8 9 10 11 12 
24 13 23 0 18 33 
19 14 32 16 17 22 
25 28 15 27 26 29 
31 20 30 21 34 35 

1 2 3 4 5 6 
7 8 9 10 11 12 
24 13 23 16 18 33 
19 14 32 0 17 22 
25 28 15 27 26 29 
31 20 30 21 34 35 

1 2 3 4 5 6 
7 8 9 10 11 12 
24 13 23 16 18 33 
19 14 0 32 17 22 
25 28 15 27 26 29 
31 20 30 21 34 35 

1 2 3 4 5 6 
7 8 9 10 11 12 
24 13 23 16 18 33 
19 14 15 32 17 22 
25 28 0 27 26 29 
31 20 30 21 34 35 

1 2 3 4 5 6 
7 8 9 10 11 12 
24 13 23 16 18 33 
19 14 15 32 17 22 
25 0 28 27 26 29 
31 20 30 21 34 35 

1 2 3 4 5 6 
7 8 9 10 11 12 
24 13 23 16 18 33 
19 14 15 32 17 22 
0 25 28 27 26 29 
31 20 30 21 34 35 

1 2 3 4 5 6 
7 8 9 10 11 12 
24 13 23 16 18 33 
0 14 15 32 17 22 
19 25 28 27 26 29 
31 20 30 21 34 35 

1 2 3 4 5 6 
7 8 9 10 11 12 
0 13 23 16 18 33 
24 14 15 32 17 22 
19 25 28 27 26 29 
31 20 30 21 34 35 

1 2 3 4 5 6 
7 8 9 10 11 12 
13 0 23 16 18 33 
24 14 15 32 17 22 
19 25 28 27 26 29 
31 20 30 21 34 35 

1 2 3 4 5 6 
7 8 9 10 11 12 
13 14 23 16 18 33 
24 0 15 32 17 22 
19 25 28 27 26 29 
31 20 30 21 34 35 

1 2 3 4 5 6 
7 8 9 10 11 12 
13 14 23 16 18 33 
0 24 15 32 17 22 
19 25 28 27 26 29 
31 20 30 21 34 35 

1 2 3 4 5 6 
7 8 9 10 11 12 
13 14 23 16 18 33 
19 24 15 32 17 22 
0 25 28 27 26 29 
31 20 30 21 34 35 

1 2 3 4 5 6 
7 8 9 10 11 12 
13 14 23 16 18 33 
19 24 15 32 17 22 
25 0 28 27 26 29 
31 20 30 21 34 35 

1 2 3 4 5 6 
7 8 9 10 11 12 
13 14 23 16 18 33 
19 24 15 32 17 22 
25 20 28 27 26 29 
31 0 30 21 34 35 

1 2 3 4 5 6 
7 8 9 10 11 12 
13 14 23 16 18 33 
19 24 15 32 17 22 
25 20 28 27 26 29 
31 30 0 21 34 35 

1 2 3 4 5 6 
7 8 9 10 11 12 
13 14 23 16 18 33 
19 24 15 32 17 22 
25 20 0 27 26 29 
31 30 28 21 34 35 

1 2 3 4 5 6 
7 8 9 10 11 12 
13 14 23 16 18 33 
19 24 15 32 17 22 
25 20 27 0 26 29 
31 30 28 21 34 35 

1 2 3 4 5 6 
7 8 9 10 11 12 
13 14 23 16 18 33 
19 24 15 32 17 22 
25 20 27 26 0 29 
31 30 28 21 34 35 

1 2 3 4 5 6 
7 8 9 10 11 12 
13 14 23 16 18 33 
19 24 15 32 17 22 
25 20 27 26 34 29 
31 30 28 21 0 35 

1 2 3 4 5 6 
7 8 9 10 11 12 
13 14 23 16 18 33 
19 24 15 32 17 22 
25 20 27 26 34 29 
31 30 28 0 21 35 

1 2 3 4 5 6 
7 8 9 10 11 12 
13 14 23 16 18 33 
19 24 15 32 17 22 
25 20 27 26 34 29 
31 30 0 28 21 35 

1 2 3 4 5 6 
7 8 9 10 11 12 
13 14 23 16 18 33 
19 24 15 32 17 22 
25 20 0 26 34 29 
31 30 27 28 21 35 

1 2 3 4 5 6 
7 8 9 10 11 12 
13 14 23 16 18 33 
19 24 15 32 17 22 
25 20 26 0 34 29 
31 30 27 28 21 35 

1 2 3 4 5 6 
7 8 9 10 11 12 
13 14 23 16 18 33 
19 24 15 0 17 22 
25 20 26 32 34 29 
31 30 27 28 21 35 

1 2 3 4 5 6 
7 8 9 10 11 12 
13 14 23 16 18 33 
19 24 0 15 17 22 
25 20 26 32 34 29 
31 30 27 28 21 35 

1 2 3 4 5 6 
7 8 9 10 11 12 
13 14 23 16 18 33 
19 0 24 15 17 22 
25 20 26 32 34 29 
31 30 27 28 21 35 

1 2 3 4 5 6 
7 8 9 10 11 12 
13 14 23 16 18 33 
19 20 24 15 17 22 
25 0 26 32 34 29 
31 30 27 28 21 35 

1 2 3 4 5 6 
7 8 9 10 11 12 
13 14 23 16 18 33 
19 20 24 15 17 22 
25 26 0 32 34 29 
31 30 27 28 21 35 

1 2 3 4 5 6 
7 8 9 10 11 12 
13 14 23 16 18 33 
19 20 24 15 17 22 
25 26 32 0 34 29 
31 30 27 28 21 35 

1 2 3 4 5 6 
7 8 9 10 11 12 
13 14 23 16 18 33 
19 20 24 15 17 22 
25 26 32 34 0 29 
31 30 27 28 21 35 

1 2 3 4 5 6 
7 8 9 10 11 12 
13 14 23 16 18 33 
19 20 24 15 17 22 
25 26 32 34 29 0 
31 30 27 28 21 35 

1 2 3 4 5 6 
7 8 9 10 11 12 
13 14 23 16 18 33 
19 20 24 15 17 0 
25 26 32 34 29 22 
31 30 27 28 21 35 

1 2 3 4 5 6 
7 8 9 10 11 12 
13 14 23 16 18 0 
19 20 24 15 17 33 
25 26 32 34 29 22 
31 30 27 28 21 35 

1 2 3 4 5 6 
7 8 9 10 11 12 
13 14 23 16 0 18 
19 20 24 15 17 33 
25 26 32 34 29 22 
31 30 27 28 21 35 

1 2 3 4 5 6 
7 8 9 10 11 12 
13 14 23 0 16 18 
19 20 24 15 17 33 
25 26 32 34 29 22 
31 30 27 28 21 35 

1 2 3 4 5 6 
7 8 9 10 11 12 
13 14 23 15 16 18 
19 20 24 0 17 33 
25 26 32 34 29 22 
31 30 27 28 21 35 

1 2 3 4 5 6 
7 8 9 10 11 12 
13 14 23 15 16 18 
19 20 0 24 17 33 
25 26 32 34 29 22 
31 30 27 28 21 35 

1 2 3 4 5 6 
7 8 9 10 11 12 
13 14 0 15 16 18 
19 20 23 24 17 33 
25 26 32 34 29 22 
31 30 27 28 21 35 

1 2 3 4 5 6 
7 8 9 10 11 12 
13 14 15 0 16 18 
19 20 23 24 17 33 
25 26 32 34 29 22 
31 30 27 28 21 35 

1 2 3 4 5 6 
7 8 9 10 11 12 
13 14 15 16 0 18 
19 20 23 24 17 33 
25 26 32 34 29 22 
31 30 27 28 21 35 

1 2 3 4 5 6 
7 8 9 10 11 12 
13 14 15 16 17 18 
19 20 23 24 0 33 
25 26 32 34 29 22 
31 30 27 28 21 35 

1 2 3 4 5 6 
7 8 9 10 11 12 
13 14 15 16 17 18 
19 20 23 0 24 33 
25 26 32 34 29 22 
31 30 27 28 21 35 

1 2 3 4 5 6 
7 8 9 10 11 12 
13 14 15 16 17 18 
19 20 23 34 24 33 
25 26 32 0 29 22 
31 30 27 28 21 35 

1 2 3 4 5 6 
7 8 9 10 11 12 
13 14 15 16 17 18 
19 20 23 34 24 33 
25 26 32 29 0 22 
31 30 27 28 21 35 

1 2 3 4 5 6 
7 8 9 10 11 12 
13 14 15 16 17 18 
19 20 23 34 24 33 
25 26 32 29 22 0 
31 30 27 28 21 35 

1 2 3 4 5 6 
7 8 9 10 11 12 
13 14 15 16 17 18 
19 20 23 34 24 0 
25 26 32 29 22 33 
31 30 27 28 21 35 

1 2 3 4 5 6 
7 8 9 10 11 12 
13 14 15 16 17 18 
19 20 23 34 0 24 
25 26 32 29 22 33 
31 30 27 28 21 35 

1 2 3 4 5 6 
7 8 9 10 11 12 
13 14 15 16 17 18 
19 20 23 34 22 24 
25 26 32 29 0 33 
31 30 27 28 21 35 

1 2 3 4 5 6 
7 8 9 10 11 12 
13 14 15 16 17 18 
19 20 23 34 22 24 
25 26 32 29 21 33 
31 30 27 28 0 35 

1 2 3 4 5 6 
7 8 9 10 11 12 
13 14 15 16 17 18 
19 20 23 34 22 24 
25 26 32 29 21 33 
31 30 27 0 28 35 

1 2 3 4 5 6 
7 8 9 10 11 12 
13 14 15 16 17 18 
19 20 23 34 22 24 
25 26 32 0 21 33 
31 30 27 29 28 35 

1 2 3 4 5 6 
7 8 9 10 11 12 
13 14 15 16 17 18 
19 20 23 34 22 24 
25 26 32 21 0 33 
31 30 27 29 28 35 

1 2 3 4 5 6 
7 8 9 10 11 12 
13 14 15 16 17 18 
19 20 23 34 22 24 
25 26 32 21 28 33 
31 30 27 29 0 35 

1 2 3 4 5 6 
7 8 9 10 11 12 
13 14 15 16 17 18 
19 20 23 34 22 24 
25 26 32 21 28 33 
31 30 27 0 29 35 

1 2 3 4 5 6 
7 8 9 10 11 12 
13 14 15 16 17 18 
19 20 23 34 22 24 
25 26 32 21 28 33 
31 30 0 27 29 35 

1 2 3 4 5 6 
7 8 9 10 11 12 
13 14 15 16 17 18 
19 20 23 34 22 24 
25 26 0 21 28 33 
31 30 32 27 29 35 

1 2 3 4 5 6 
7 8 9 10 11 12 
13 14 15 16 17 18 
19 20 23 34 22 24 
25 26 21 0 28 33 
31 30 32 27 29 35 

1 2 3 4 5 6 
7 8 9 10 11 12 
13 14 15 16 17 18 
19 20 23 34 22 24 
25 26 21 28 0 33 
31 30 32 27 29 35 

1 2 3 4 5 6 
7 8 9 10 11 12 
13 14 15 16 17 18 
19 20 23 34 0 24 
25 26 21 28 22 33 
31 30 32 27 29 35 

1 2 3 4 5 6 
7 8 9 10 11 12 
13 14 15 16 17 18 
19 20 23 0 34 24 
25 26 21 28 22 33 
31 30 32 27 29 35 

1 2 3 4 5 6 
7 8 9 10 11 12 
13 14 15 16 17 18 
19 20 0 23 34 24 
25 26 21 28 22 33 
31 30 32 27 29 35 

1 2 3 4 5 6 
7 8 9 10 11 12 
13 14 15 16 17 18 
19 20 21 23 34 24 
25 26 0 28 22 33 
31 30 32 27 29 35 

1 2 3 4 5 6 
7 8 9 10 11 12 
13 14 15 16 17 18 
19 20 21 23 34 24 
25 26 28 0 22 33 
31 30 32 27 29 35 

1 2 3 4 5 6 
7 8 9 10 11 12 
13 14 15 16 17 18 
19 20 21 23 34 24 
25 26 28 22 0 33 
31 30 32 27 29 35 

1 2 3 4 5 6 
7 8 9 10 11 12 
13 14 15 16 17 18 
19 20 21 23 0 24 
25 26 28 22 34 33 
31 30 32 27 29 35 

1 2 3 4 5 6 
7 8 9 10 11 12 
13 14 15 16 17 18 
19 20 21 0 23 24 
25 26 28 22 34 33 
31 30 32 27 29 35 

1 2 3 4 5 6 
7 8 9 10 11 12 
13 14 15 16 17 18 
19 20 21 22 23 24 
25 26 28 0 34 33 
31 30 32 27 29 35 

1 2 3 4 5 6 
7 8 9 10 11 12 
13 14 15 16 17 18 
19 20 21 22 23 24 
25 26 28 27 34 33 
31 30 32 0 29 35 

1 2 3 4 5 6 
7 8 9 10 11 12 
13 14 15 16 17 18 
19 20 21 22 23 24 
25 26 28 27 34 33 
31 30 0 32 29 35 

1 2 3 4 5 6 
7 8 9 10 11 12 
13 14 15 16 17 18 
19 20 21 22 23 24 
25 26 28 27 34 33 
31 0 30 32 29 35 

1 2 3 4 5 6 
7 8 9 10 11 12 
13 14 15 16 17 18 
19 20 21 22 23 24 
25 0 28 27 34 33 
31 26 30 32 29 35 

1 2 3 4 5 6 
7 8 9 10 11 12 
13 14 15 16 17 18 
19 20 21 22 23 24 
25 28 0 27 34 33 
31 26 30 32 29 35 

1 2 3 4 5 6 
7 8 9 10 11 12 
13 14 15 16 17 18 
19 20 21 22 23 24 
25 28 30 27 34 33 
31 26 0 32 29 35 

1 2 3 4 5 6 
7 8 9 10 11 12 
13 14 15 16 17 18 
19 20 21 22 23 24 
25 28 30 27 34 33 
31 26 32 0 29 35 

1 2 3 4 5 6 
7 8 9 10 11 12 
13 14 15 16 17 18 
19 20 21 22 23 24 
25 28 30 0 34 33 
31 26 32 27 29 35 

1 2 3 4 5 6 
7 8 9 10 11 12 
13 14 15 16 17 18 
19 20 21 22 23 24 
25 28 0 30 34 33 
31 26 32 27 29 35 

1 2 3 4 5 6 
7 8 9 10 11 12 
13 14 15 16 17 18 
19 20 21 22 23 24 
25 0 28 30 34 33 
31 26 32 27 29 35 

1 2 3 4 5 6 
7 8 9 10 11 12 
13 14 15 16 17 18 
19 20 21 22 23 24 
25 26 28 30 34 33 
31 0 32 27 29 35 

1 2 3 4 5 6 
7 8 9 10 11 12 
13 14 15 16 17 18 
19 20 21 22 23 24 
25 26 28 30 34 33 
31 32 0 27 29 35 

1 2 3 4 5 6 
7 8 9 10 11 12 
13 14 15 16 17 18 
19 20 21 22 23 24 
25 26 28 30 34 33 
31 32 27 0 29 35 

1 2 3 4 5 6 
7 8 9 10 11 12 
13 14 15 16 17 18 
19 20 21 22 23 24 
25 26 28 30 34 33 
31 32 27 29 0 35 

1 2 3 4 5 6 
7 8 9 10 11 12 
13 14 15 16 17 18 
19 20 21 22 23 24 
25 26 28 30 34 33 
31 32 27 29 35 0 

1 2 3 4 5 6 
7 8 9 10 11 12 
13 14 15 16 17 18 
19 20 21 22 23 24 
25 26 28 30 34 0 
31 32 27 29 35 33 

1 2 3 4 5 6 
7 8 9 10 11 12 
13 14 15 16 17 18 
19 20 21 22 23 24 
25 26 28 30 0 34 
31 32 27 29 35 33 

1 2 3 4 5 6 
7 8 9 10 11 12 
13 14 15 16 17 18 
19 20 21 22 23 24 
25 26 28 0 30 34 
31 32 27 29 35 33 

1 2 3 4 5 6 
7 8 9 10 11 12 
13 14 15 16 17 18 
19 20 21 22 23 24 
25 26 28 29 30 34 
31 32 27 0 35 33 

1 2 3 4 5 6 
7 8 9 10 11 12 
13 14 15 16 17 18 
19 20 21 22 23 24 
25 26 28 29 30 34 
31 32 27 35 0 33 

1 2 3 4 5 6 
7 8 9 10 11 12 
13 14 15 16 17 18 
19 20 21 22 23 24 
25 26 28 29 30 34 
31 32 27 35 33 0 

1 2 3 4 5 6 
7 8 9 10 11 12 
13 14 15 16 17 18 
19 20 21 22 23 24 
25 26 28 29 30 0 
31 32 27 35 33 34 

1 2 3 4 5 6 
7 8 9 10 11 12 
13 14 15 16 17 18 
19 20 21 22 23 24 
25 26 28 29 0 30 
31 32 27 35 33 34 

1 2 3 4 5 6 
7 8 9 10 11 12 
13 14 15 16 17 18 
19 20 21 22 23 24 
25 26 28 0 29 30 
31 32 27 35 33 34 

1 2 3 4 5 6 
7 8 9 10 11 12 
13 14 15 16 17 18 
19 20 21 22 23 24 
25 26 0 28 29 30 
31 32 27 35 33 34 

1 2 3 4 5 6 
7 8 9 10 11 12 
13 14 15 16 17 18 
19 20 21 22 23 24 
25 26 27 28 29 30 
31 32 0 35 33 34 

1 2 3 4 5 6 
7 8 9 10 11 12 
13 14 15 16 17 18 
19 20 21 22 23 24 
25 26 27 28 29 30 
31 32 35 0 33 34 

1 2 3 4 5 6 
7 8 9 10 11 12 
13 14 15 16 17 18 
19 20 21 22 23 24 
25 26 27 28 29 30 
31 32 35 33 0 34 

1 2 3 4 5 6 
7 8 9 10 11 12 
13 14 15 16 17 18 
19 20 21 22 23 24 
25 26 27 28 0 30 
31 32 35 33 29 34 

1 2 3 4 5 6 
7 8 9 10 11 12 
13 14 15 16 17 18 
19 20 21 22 23 24 
25 26 27 0 28 30 
31 32 35 33 29 34 

1 2 3 4 5 6 
7 8 9 10 11 12 
13 14 15 16 17 18 
19 20 21 22 23 24 
25 26 0 27 28 30 
31 32 35 33 29 34 

1 2 3 4 5 6 
7 8 9 10 11 12 
13 14 15 16 17 18 
19 20 21 22 23 24 
25 26 35 27 28 30 
31 32 0 33 29 34 

1 2 3 4 5 6 
7 8 9 10 11 12 
13 14 15 16 17 18 
19 20 21 22 23 24 
25 26 35 27 28 30 
31 32 33 0 29 34 

1 2 3 4 5 6 
7 8 9 10 11 12 
13 14 15 16 17 18 
19 20 21 22 23 24 
25 26 35 27 28 30 
31 32 33 29 0 34 

1 2 3 4 5 6 
7 8 9 10 11 12 
13 14 15 16 17 18 
19 20 21 22 23 24 
25 26 35 27 28 30 
31 32 33 29 34 0 

1 2 3 4 5 6 
7 8 9 10 11 12 
13 14 15 16 17 18 
19 20 21 22 23 24 
25 26 35 27 28 0 
31 32 33 29 34 30 

1 2 3 4 5 6 
7 8 9 10 11 12 
13 14 15 16 17 18 
19 20 21 22 23 24 
25 26 35 27 0 28 
31 32 33 29 34 30 

1 2 3 4 5 6 
7 8 9 10 11 12 
13 14 15 16 17 18 
19 20 21 22 23 24 
25 26 35 0 27 28 
31 32 33 29 34 30 

1 2 3 4 5 6 
7 8 9 10 11 12 
13 14 15 16 17 18 
19 20 21 22 23 24 
25 26 0 35 27 28 
31 32 33 29 34 30 

1 2 3 4 5 6 
7 8 9 10 11 12 
13 14 15 16 17 18 
19 20 21 22 23 24 
25 26 33 35 27 28 
31 32 0 29 34 30 

1 2 3 4 5 6 
7 8 9 10 11 12 
13 14 15 16 17 18 
19 20 21 22 23 24 
25 26 33 35 27 28 
31 32 29 0 34 30 

1 2 3 4 5 6 
7 8 9 10 11 12 
13 14 15 16 17 18 
19 20 21 22 23 24 
25 26 33 0 27 28 
31 32 29 35 34 30 

1 2 3 4 5 6 
7 8 9 10 11 12 
13 14 15 16 17 18 
19 20 21 22 23 24 
25 26 33 27 0 28 
31 32 29 35 34 30 

1 2 3 4 5 6 
7 8 9 10 11 12 
13 14 15 16 17 18 
19 20 21 22 23 24 
25 26 33 27 34 28 
31 32 29 35 0 30 

1 2 3 4 5 6 
7 8 9 10 11 12 
13 14 15 16 17 18 
19 20 21 22 23 24 
25 26 33 27 34 28 
31 32 29 0 35 30 

1 2 3 4 5 6 
7 8 9 10 11 12 
13 14 15 16 17 18 
19 20 21 22 23 24 
25 26 33 27 34 28 
31 32 0 29 35 30 

1 2 3 4 5 6 
7 8 9 10 11 12 
13 14 15 16 17 18 
19 20 21 22 23 24 
25 26 0 27 34 28 
31 32 33 29 35 30 

1 2 3 4 5 6 
7 8 9 10 11 12 
13 14 15 16 17 18 
19 20 21 22 23 24 
25 26 27 0 34 28 
31 32 33 29 35 30 

1 2 3 4 5 6 
7 8 9 10 11 12 
13 14 15 16 17 18 
19 20 21 22 23 24 
25 26 27 34 0 28 
31 32 33 29 35 30 

1 2 3 4 5 6 
7 8 9 10 11 12 
13 14 15 16 17 18 
19 20 21 22 23 24 
25 26 27 34 28 0 
31 32 33 29 35 30 

1 2 3 4 5 6 
7 8 9 10 11 12 
13 14 15 16 17 18 
19 20 21 22 23 24 
25 26 27 34 28 30 
31 32 33 29 35 0 

1 2 3 4 5 6 
7 8 9 10 11 12 
13 14 15 16 17 18 
19 20 21 22 23 24 
25 26 27 34 28 30 
31 32 33 29 0 35 

1 2 3 4 5 6 
7 8 9 10 11 12 
13 14 15 16 17 18 
19 20 21 22 23 24 
25 26 27 34 28 30 
31 32 33 0 29 35 

1 2 3 4 5 6 
7 8 9 10 11 12 
13 14 15 16 17 18 
19 20 21 22 23 24 
25 26 27 0 28 30 
31 32 33 34 29 35 

1 2 3 4 5 6 
7 8 9 10 11 12 
13 14 15 16 17 18 
19 20 21 22 23 24 
25 26 27 28 0 30 
31 32 33 34 29 35 

1 2 3 4 5 6 
7 8 9 10 11 12 
13 14 15 16 17 18 
19 20 21 22 23 24 
25 26 27 28 29 30 
31 32 33 34 0 35 

1 2 3 4 5 6 
7 8 9 10 11 12 
13 14 15 16 17 18 
19 20 21 22 23 24 
25 26 27 28 29 30 
31 32 33 34 35 0 

